1 52000 52620
2 56600 56900
3 46600 46900
4 5400 5600
5 5391 5392
6 5703 5727
7 6520 6544
8 5549 5597
9 4852 4900
10 6006 6054
11 11800 12100
12 16000 16100
13 16000 16100
14 17000 17100
15 16800 17100
16 16900 17100
17 17000 17100
18 17000 17100
19 6168 6212
20 7175 7388
21 5948 5993
22 6527 6645
23 8612 8716
24 4526 4556
25 5607 5634
26 5684 5854
27 4187 4199
28 3198 3309
29 4485 4587
30 4187 4197
31 5759 5919
32 4675 5033
33 6200 6370
34 3474 3629
35 5865 5974
36 6599 6681
37 17210 17260
38 27862 27932
39 16390 16420
40 17390 17520
41 17390 17520
42 12190 12420
43 19280 19440
44 18485 18821
45 23357 23717
46 23405 23477
47 24005 24077
48 5988 6085
49 5365 5380
50 5988 6085
51 9330 9340
52 4711 4809
53 2764 2995
54 5920 5979
55 20950 21100
56 11111 11211
57 16000 16100
58 12240 12308
59 38500 38800
60 46500 46800
61 59900 60500
62 33070 33180
63 31200 31850
64 38400 39200
65 7000 7030
66 8000 8025
67 7000 7050
68 6508 6558
69 8500 8501
70 52600 52800
71 52600 52800
72 52600 52800
73 72150 72495
74 12400 12800
75 13400 13800
76 130700 131880
77 110800 110801
78 110260 110412
79 168250 168250
80 168250 168251
81 158250 158251
82 128430 128431
83 143411 143511
84 35774 35874
85 35774 35874
86 67950 68200
87 51370 51740
88 49370 49740
89 114283 114350
90 124159 124985
91 114000 114370
92 67995 67996
93 52000 52620
94 5400 5600
95 5549 5597
96 16900 17100
97 5948 5993
98 4187 4199
99 3474 3629
100 17210 17260
101 17390 17520
102 19280 19440
103 4711 4809
104 16000 16100
105 59900 60500
106 31200 31850
107 7000 7050
108 168250 168250
109 52000 52620
110 56600 56900
111 46600 46900
112 5400 5600
113 5391 5392
114 5703 5727
115 6520 6544
116 5549 5597
117 4852 4900
118 6006 6054
119 11800 12100
120 16000 16100
121 16000 16100
122 17000 17100
123 16800 17100
124 16900 17100
125 17000 17100
126 17000 17100
127 6168 6212
128 7175 7388
129 5948 5993
130 6527 6645
131 8612 8716
132 4526 4556
133 5607 5634
134 5684 5854
135 4187 4199
136 3198 3309
137 4485 4587
138 4187 4197
139 5759 5919
140 4675 5033
141 6200 6370
142 3474 3629
143 5865 5974
144 6599 6681
145 17210 17260
146 27862 27932
147 16390 16420
148 17390 17520
149 17390 17520
150 12190 12420
151 19280 19440
152 18485 18821
153 23357 23717
154 23405 23477
155 24005 24077
156 5988 6085
157 5365 5380
158 5988 6085
159 9330 9340
160 4711 4809
161 2764 2995
162 5920 5979
163 20950 21100
164 11111 11211
165 16000 16100
166 12240 12308
167 38500 38800
168 46500 46800
169 59900 60500
170 33070 33180
171 31200 31850
172 38400 39200
173 7000 7030
174 8000 8025
175 7000 7050
176 6508 6558
177 8500 8501
178 52600 52800
179 52600 52800
180 52600 52800
181 72150 72495
182 12400 12800
183 13400 13800
184 130700 131880
185 110800 110801
186 110260 110412
187 168250 168250
188 168250 168251
189 158250 158251
190 128430 128431
191 143411 143511
192 35774 35874
193 35774 35874
194 67950 68200
195 51370 51740
196 49370 49740
197 114283 114350
198 124159 124985
199 114000 114370
200 67995 67996
201 17001 17016
202 10998 11028
203 10995 11028
204 15000 15070
205 28995 29085
206 29080 29140
207 26929 26989
208 27929 27989
209 26970 27270
210 74900 74996
211 39240 39336
212 29480 29504
213 126920 127370
214 125720 126370
215 106720 107370
216 160720 161370
217 150720 151370
218 210720 211370
219 64632 64852
220 250720 251370
221 163632 164852
222 91200 91700
223 131200 131700
224 191200 191700
225 143000 143300
226 123000 123300
227 29000 29100
228 47830 47850
229 57960 57970
230 19510 19610
231 47530 47790
232 57530 57790
233 24500 24501
234 24600 24601
235 75450 75451
236 46350 46390
237 89560 90370
238 72600 72780
239 593450 593514
240 884100 884200
241 837400 839100
242 104630 104890
243 203355 203400
244 104630 104890
245 270800 271070
246 270800 271070
247 121900 121980
248 4702 4707
249 8285 8315
250 7290 7296
